551759.1701570769 6189460.701690121
575557.8356206189 6220652.588427684
575411.5647385172 6221048.177745644
482333.7239588423 6140346.1219851095
485365.5415950727 6132186.394722808
484451.11102278787 6130663.774784745
484604.5726904796 6130521.804460053
484372.62987911707 6130423.429070507
724347.7042145762 6175304.563104284
724977.7531532109 6172043.584009224
588546.1808674858 6138153.562591006
724657.6719571564 6175632.6795802945
725623.99698724 6176643.591159581
723576.4413853083 6175341.33384353
722955.9228707305 6175228.539423361
723080.0671754387 6176191.854144649
722597.7059619115 6177019.049297828
719493.8459074243 6174904.50446013
719129.3025517138 6174339.618946713
722186.4215047619 6177983.4165977
464835.4785073903 6146988.5682414975
719577.5167197733 6186000.023409795
601784.0278063265 6102693.452873344
726473.6923102704 6174560.250538697
723814.0504071738 6178713.852656745
724032.7209856717 6175745.155522471
726625.9611341418 6173339.887759253
721523.5285465898 6177050.998209466
721503.2200131414 6177058.082492643
723807.1836275123 6179734.440563598
724674.3774125241 6177359.5591604095
725137.9409714148 6178463.142169801
725470.261184205 6178415.021892309
723287.4535289657 6176803.318648602
725092.6682162422 6179541.689187966
726847.4877906225 6173863.337159271
720985.7257884254 6177869.702485844
725850.4716167774 6176712.144746413
722776.6981475118 6178027.902360597
721993.3184210515 6176429.786469916
531033.1833214328 6122864.936009193
526772.6251174778 6099567.904120769
722410.6796306303 6178489.035059533
725390.0539278045 6177437.159984363
724761.2924928957 6175830.889345092
724905.7991793327 6175971.422139662
720830.8025664651 6177457.98237977
719972.0401635933 6178071.333711929
719813.9422998994 6178166.083054191
722369.8614330728 6173737.38020759
723246.7129404716 6174413.661902585
724946.6778627894 6174324.798883328
724968.2473087625 6174354.8486187635
724390.9158149373 6180219.922492185
724558.4657445443 6176624.660076056
723494.8667735562 6175484.949821055
563751.0039588431 6217184.999712031
722212.4064837152 6176347.028140755
722569.1952734971 6176971.629751791
722318.425198874 6176531.212759705
726823.7397679731 6174448.554435191
722744.2001225306 6178542.809897435
722715.2193114824 6178093.666675765
722668.2150409808 6177969.197374092
725180.0596921112 6175971.685727615
724687.1150072148 6176157.919424993
723887.9978912242 6174548.731066867
719063.3243959381 6177330.561740564
720388.8422205865 6177513.794775701
719789.3910177745 6176605.33376284
721201.4361788037 6175086.743983539
722690.5157943348 6178119.36475121
721054.8963223717 6174391.110980012
534935.0558689226 6082760.533632615
535228.7589831345 6082875.734090424
537673.6420249895 6084841.779521328
538305.1011387566 6084675.468583858
538537.0623027071 6084576.341612469
539793.5235990743 6084276.898567913
549566.8705931578 6086493.0241073035
549623.0658749845 6086510.850353971
721357.179651313 6211290.705701628
718921.7034755291 6200885.088299756
720884.7425038791 6198602.491837285
722970.2473931259 6195436.8870410845
521106.5049432049 6073234.841221959
521094.2210177196 6073233.548529083
724402.2172088574 6176991.262404469
726037.7035450054 6178850.200372286
725994.7930437486 6178756.275752802
725972.4898317475 6178716.958358209
725960.6195156252 6178697.797656589
725994.7909937894 6178674.459546122
725913.4425232793 6178090.008797946
726007.1152121248 6178081.612551919
726049.4094982853 6178445.251345063
726069.6994074985 6178442.480313112
726067.0840688369 6178416.083462587
726111.990315528 6178411.034015282
726100.6635664327 6178296.413681712
726080.8208142687 6178074.601021269
726156.865865811 6178068.269816655
726168.778907795 6178770.655527485
726263.0976989829 6178781.312225918
726263.8981724486 6178263.313121764
726264.0875538063 6178072.838116321
726241.2591748702 6178056.552870618
726242.6090484705 6178035.669931306
726264.404128409 6178008.222218006
726280.2753389374 6177924.86677815
726271.2546296566 6177919.926263405
726220.7886887603 6177994.770771205
726128.4809401619 6177920.213044797
726129.9874425799 6177863.565299594
726217.1578226754 6177841.264412419
726258.92803664 6177904.064193407
726279.5935827628 6177894.845766144
726256.2395789179 6177832.545673264
726196.0787072652 6177762.311574086
726187.693967588 6177715.420129082
726183.44346814 6177646.050864412
726194.2417159948 6177612.790360448
726235.0492083869 6177575.625070076
726282.3334182898 6177572.986272841
726265.5016535124 6177344.64962994
726257.2418123326 6177343.9527772525
726251.0336114184 6177383.417584449
726219.9351621936 6177385.470447159
726199.7676559857 6177343.230243424
726228.4744941937 6177314.591216881
726236.3842306047 6177247.102691965
726190.4471055181 6177111.448600972
726130.8744644836 6176967.537829333
725930.7626548451 6176471.130206495
726074.0348716744 6176648.318243086
726118.3031594871 6176630.053746374
725934.6498837438 6176220.6776306825
725563.976698746 6176371.084539456
725554.4935432768 6176346.161553935
725928.771326717 6176193.587801237
725798.1434440161 6176024.510602331
725754.5414412012 6175980.478850707
725709.0394570453 6175941.723958357
725589.8609820484 6175863.838318567
725586.0454457729 6175839.565699597
725561.1978601074 6175823.414773175
725545.3540700056 6175828.816701122
725523.2190703276 6175841.085380032
725349.9229338086 6175858.021054078
725299.7633184289 6175887.184501024
725264.9584716524 6175914.0648061065
725254.9319534164 6175909.219761872
725177.8563340028 6175962.383459152
725169.4819750845 6175968.485022474
725150.6090761966 6175983.020453675
725124.0195677388 6176000.201352738
724984.4892259118 6175987.08257502
724933.9358627412 6175946.592292745
724814.3109361543 6175796.927654917
724814.4924722556 6175778.025164212
724832.3876060245 6175755.442677093
724887.1426565711 6175682.253414918
724942.147563828 6175608.408559974
725061.4867341515 6175454.545372626
725117.4471754663 6175398.782699314
725021.9300000613 6175293.378980444
725011.216693671 6175281.908987236
724990.8930073578 6175257.7436940195
724890.9515645227 6175141.844943488
724906.1749108403 6175127.365156056
724650.8122185282 6174851.233592889
724583.8658492281 6174791.337564672
724592.9598793583 6174780.0979128005
724572.3779674387 6174761.340915113
724561.777371923 6174770.38432461
724429.4752439096 6174653.845281909
724437.8312194162 6174643.593181281
724417.650786011 6174625.582490374
724409.1275307814 6174634.554828594
724317.6506073063 6174550.652845606
724314.9540251201 6174520.875407142
724284.4574910612 6174522.283112884
724252.6630569955 6174458.392543183
724243.1832170114 6174449.820506667
724266.0410748371 6174424.647497564
724224.4118795427 6174386.990581036
724196.5509697361 6174417.649052563
724127.3125050256 6174355.011566587
724154.8594701588 6174324.693341753
724133.0138906204 6174304.937084793
724159.0273318155 6174258.115030964
724050.1248462489 6174161.1470078835
724062.2493555187 6174147.843066462
723982.0537618443 6174076.527477704
723990.0609168875 6174065.944389837
724071.5425490891 6174136.891353803
724076.36805269 6174131.307618843
724105.4564875728 6174156.843967951
724088.7452654929 6174175.743789863
724233.6882490308 6174151.541129772
724183.2577723825 6174013.722577804
723993.8782546682 6173953.5077766655
723941.5155009557 6173974.579393626
723960.8298747293 6174027.087704922
723949.9129495574 6174031.856818044
723909.7181460689 6173933.0154984305
723812.0041980079 6173902.830421889
723827.7100179391 6173854.641015917
724058.5037206315 6173924.313769996
724119.4028210437 6173901.65292375
724063.397306912 6173751.473534172
724073.729736448 6173747.299038801
723869.7491537071 6173211.100833032
723496.7891603829 6173346.658697408
723540.6904462964 6173459.957740377
723494.9638684039 6173606.4509226335
723478.204182942 6173601.599859703
723515.9808333898 6173477.234220368
723515.651565111 6173450.5786745325
723479.5569254762 6173354.450496935
723281.3455840002 6173427.834678078
723252.2558814741 6173351.290978191
723477.0622762732 6173261.79545527
723389.7399897326 6173100.923381361
723429.4129872691 6173076.495936101
723528.6996373029 6173238.740464794
723865.559373992 6173110.229161384
723867.6972313611 6173098.184761313
723877.9030666203 6173087.903825399
723879.8451008286 6173079.674033263
723878.8765600288 6173067.347482599
723885.1303817434 6173053.975637054
723566.8857866793 6172585.748728639
723523.2890922397 6172575.4186908705
723153.4226819457 6172786.4441801235
723226.1778087348 6172913.068499843
723157.0095834347 6172954.509157414
723161.3589987829 6172990.747768031
723041.7265228544 6173003.270317901
722925.6102129614 6172809.893722087
722791.1083501626 6172831.152292514
722933.256721129 6172751.711467337
722938.7314791441 6172744.275261841
723076.9908238167 6172462.7611190975
723023.8199208337 6172365.753705344
723055.0084101857 6172347.255606696
723093.099463146 6172344.587594938
723104.1447778074 6172363.372422657
723105.7481796489 6172382.198340416
723116.3448242531 6172406.791943076
723127.395342726 6172406.242239313
723138.8775272109 6172410.319784946
723186.4455040422 6172493.784196558
723183.2698439569 6172502.486297201
723154.3413097026 6172528.4583881665
723166.102205165 6172598.427211994
723176.0455700308 6172660.40856267
723229.0638325491 6172629.313935181
723569.6701034949 6172435.861009306
723576.5991603577 6172448.303397691
723612.3589667955 6172453.7160803
723623.0369835696 6172446.413602775
723689.4383105171 6172544.977713903
723736.2472485006 6172525.022005499
723674.2787584773 6172431.267353587
723515.9558768998 6172210.353853387
723424.2295441909 6172111.343241723
723340.4084047999 6171979.054050744
723656.6798815097 6172019.534129286
723649.1322174915 6172151.727042238
723674.52707197 6172154.066265868
723684.9759606288 6172173.0116734365
723691.76523677 6172181.789680452
723696.34586429 6172196.3753663
723785.3082733199 6172423.950384094
723800.2758084333 6172463.812350062
724390.6317523685 6174044.754141758
724436.7150864562 6174161.589078714
724761.9049641953 6174654.0282767955
725080.2582457804 6175118.601853094
725081.2095376396 6175127.270633768
725110.3670282208 6175164.7719923295
725113.1242410212 6175164.100423752
725208.1099947768 6175280.785620562
725332.3353352891 6175435.404415551
725375.8591939904 6175488.080274719
725404.0274991859 6175522.800836126
725435.6129834333 6175551.877626338
725464.4361220774 6175565.769049747
725477.5340214311 6175577.3971679965
725561.2756324873 6175656.031095613
725563.2160264537 6175672.835760105
725588.0710929537 6175698.108539021
725609.4494870286 6175721.517630529
725661.4983937738 6175778.708462672
725717.033316058 6175731.8630825775
725730.3619807004 6175708.612417864
725754.2383375696 6175737.794138176
725683.7806162887 6175802.90076814
725700.9946854699 6175821.165898068
725789.7536904047 6175888.902659054
725816.6078150488 6175903.642448414
726187.0192385789 6176157.501748246
726193.8593611761 6176170.535785433
726123.556136363 6176207.274933355
726183.6985021986 6176340.843567713
726330.0453296404 6176285.397104808
726278.5747989506 6176134.390225968
726300.4127874186 6176118.887195912
726360.8833679385 6176266.80486228
726475.0647276279 6176226.8419660535
726370.8368579091 6176294.843245212
726529.9210736682 6176680.482180028
726356.1154399621 6176341.091509486
726248.8858371724 6176388.008649108
726274.5985986942 6176523.347876752
726350.2793129904 6176718.144019222
726445.9024411126 6176679.012057858
726455.9817184346 6176701.325597564
726363.2389454506 6176745.167859179
726383.683198478 6176794.727082368
726564.3548765947 6176771.126342955
726654.9132778645 6176746.778425569
726631.7426538798 6176693.485148386
726671.9585978438 6176675.416677112
726716.6994064819 6176777.504669707
726588.1233389265 6176798.64640223
726640.1936312857 6176967.14147784
726648.1568554603 6177067.839099357
726609.1300821418 6177065.908326692
726607.405754315 6177182.204104332
726641.1737631406 6177203.453968257
726637.1720249775 6177314.222932297
726516.0179624197 6177308.643272954
726516.0147149384 6177329.774683607
726634.7307206325 6177352.411565246
726616.4463398494 6177374.877507938
726724.7857744244 6177415.666435924
726758.7542398915 6177395.768467358
726792.4914011464 6177246.4369041445
726784.8272579866 6177216.397621192
726769.9668518129 6177211.073950305
726880.0083800176 6176821.816347852
726910.0047480442 6176823.234235672
726801.9658255024 6177170.967861177
726807.4539199801 6177189.207283078
726860.178468935 6177200.863792075
726884.6567647826 6177215.766068924
726893.2950813859 6177256.595044041
726913.9175916836 6177255.785134294
726914.6445323464 6177365.975623017
726950.9591232452 6177397.776155897
726942.3996288938 6177422.286647747
726919.4419226982 6177443.381557218
726909.971172919 6177410.805656467
726665.9648708948 6177476.511746403
726680.9265430694 6177531.05093684
726897.7167219545 6177472.257505847
726913.6815127205 6177528.043178145
726680.3863260848 6177591.150445691
726692.7902346712 6177741.368304028
726952.3652583791 6177671.090237476
726957.5280365732 6177693.728930911
726693.299095974 6177763.530082366
726712.6174418404 6177979.410119409
726838.5948012479 6177945.382069798
726865.419733772 6178048.111952482
726717.7374962734 6178087.5320262145
726735.9553015706 6178292.047793957
726745.8088003383 6178291.133714696
726841.9190873327 6178186.769332081
726848.5558672595 6178178.941285817
726889.1654934068 6178135.816908314
726888.6148064807 6178121.369544013
726972.1694992878 6178099.69822585
727029.1908261357 6178084.662352753
727054.4520830513 6178181.402060829
727000.8238060268 6178197.093972169
726973.991631343 6178203.05464641
726951.4636832683 6178208.604268368
726948.4618733786 6178222.933345689
726884.543713366 6178237.053056183
726849.8196454418 6178244.119691857
726812.8988842062 6178284.280737112
726803.5690673038 6178281.307844399
726801.2701674282 6178285.0575630525
726886.1503280166 6178313.523386254
726924.1510751002 6178325.139117221
726932.6405140181 6178336.376212513
726994.6358842308 6178345.095350476
727046.8017810108 6178353.782147216
727088.2901126241 6178360.58547738
727170.2291752629 6178372.589151409
727407.4795971628 6178407.637879397
727457.4771404836 6178410.9194709575
727678.8601340123 6178394.570932434
727825.755583286 6178384.314585611
728028.553568297 6178369.374924541
728055.8761344268 6178373.672357266
728075.7452058357 6178373.0964694405
728079.0919635049 6178361.150092643
728078.884609828 6178346.597591766
728152.3899520247 6178082.957141616
728152.8925060355 6178066.2784327725
728139.0926684174 6178055.217676989
728120.9652155774 6178053.420161124
728092.5402664009 6178033.820534713
728084.1199959383 6178038.732086829
728031.2701184822 6177988.569245017
728028.8467722982 6177981.684470182
727988.5374230234 6177955.552769523
727968.6526088146 6177938.352836271
727951.4042932412 6177925.651306898
727931.7379348358 6177909.5670037735
727907.5621754027 6177890.101992079
727879.8797216672 6177870.119023657
727840.8672031633 6177842.160965663
727829.4387687487 6177804.294550489
727841.5454185496 6177795.984643479
727835.9723655577 6177773.691070702
727788.5436872842 6177605.230466531
727784.2031390371 6177589.346687584
727772.6903023678 6177581.362082808
727779.8766606936 6177571.266810149
727823.5930605549 6177555.734088991
727844.1948241494 6177537.252455181
727808.3417888687 6177537.573191354
727727.5747473728 6177567.895177553
727497.0158981137 6177493.59452587
727543.752386172 6177349.38434408
727510.9444931566 6177339.507099789
727483.0625405884 6177419.578328127
727265.9682910731 6177345.503616247
727121.747487615 6177339.0376760345
727135.3375038946 6177175.119237685
727293.9834071358 6177199.812376868
727339.2841265057 6177201.497059393
727373.2513371223 6177193.178611803
727393.5702240965 6177186.132599747
727412.692552039 6177154.111958505
727520.3239072982 6177204.128261262
727523.7259292448 6177274.771865903
727529.1729016398 6177271.075434871
727535.0379627988 6177200.548064281
727716.0145186877 6177301.495344011
727707.3460756543 6177317.401200967
727828.8097684471 6177389.225404335
727835.506425848 6177377.4206952015
727855.0060623535 6177387.116957083
727896.7972371402 6177322.473227374
727920.3447016664 6177338.00199471
727883.5998244615 6177404.437385047
727931.7062023822 6177515.4261912545
727988.0253598646 6177493.462453223
728037.345125961 6177424.017590639
728325.5422809562 6177620.702535127
728534.2002513667 6177321.690899643
728077.4969381032 6177000.678661367
728080.9693120244 6176994.403798379
727978.1975474872 6176930.008420368
727956.5177790287 6176883.932958993
727942.2216298886 6176885.637963961
727925.8700599398 6176886.410224986
727886.1272696803 6176860.912188844
727865.7287721264 6176846.072715876
727823.5605443094 6176790.450943092
727789.6480696992 6176747.773416784
727763.6295182599 6176712.802094896
727747.4992291285 6176691.863612697
727680.7345228358 6176603.51024058
727618.5144765244 6176519.889645821
727673.4017293226 6176432.097376465
727651.323064856 6176418.007656169
727636.5233560628 6176441.499629542
727592.382645786 6176418.785755519
727628.7476931955 6176358.684240155
727672.758864709 6176385.573460488
727659.4174731115 6176409.609962051
727677.2708662606 6176420.155721617
727753.7839782692 6176287.439324134
727784.8221847066 6176232.7475826265
727817.91224293 6176172.331114826
727860.6516716934 6176094.543800935
727879.8059653726 6176061.8126369845
727917.8363827653 6175992.890144951
727944.5744547832 6175949.036533451
728155.0249305781 6175566.550630866
728286.2313512212 6175428.543066839
728471.7444558468 6175555.748886962
728266.8465979963 6175781.54371792
727883.277971777 6176472.502083546
727914.5177770569 6176520.772213224
727941.0864323521 6176556.553815715
728001.3474868959 6176633.307996983
728019.8105116144 6176655.284045072
728061.1628904915 6176690.257061673
728194.3041834584 6176780.812067192
728231.3054461859 6176810.161555632
728280.7472137869 6176845.560861913
728384.3498983746 6176919.073335354
728489.3031089718 6176990.317566714
728527.1128628525 6177017.638080837
728592.1354603593 6176892.952207481
728632.3180450719 6176852.7635297235
728654.6315338097 6176764.130963586
728683.4478575406 6176702.737657379
728735.4093227931 6176599.436617449
728780.655053942 6176517.149819463
728806.1472811599 6176523.406847183
728812.6600825482 6176511.816728492
728772.3707341113 6176507.64837354
728743.2500978687 6176500.052369545
728583.6150960594 6176435.511800762
728538.6298068274 6176400.142380295
728473.2602278107 6176365.008901183
728467.9270069309 6176358.450806054
728509.4295759962 6176293.038193127
728530.259849826 6176196.142004666
728470.3693023951 6176070.299410584
728419.0383786886 6175971.625905074
728521.6704239838 6175975.625946436
728620.5996374156 6176126.300716941
728819.0900260413 6176078.634113056
728863.1272383232 6176372.652658585
728870.8485667065 6176378.60075962
728889.695384567 6176340.705282564
729274.6143446751 6175865.300042125
729176.1073329367 6175584.0562233785
728993.5876469711 6175523.384370022
728968.2996750704 6175434.459034148
729012.3666132076 6175041.2479990935
729073.7583445346 6175321.783521242
728876.2483420449 6175266.206390538
728968.1728532084 6175034.35341318
728706.233357267 6174997.714501862
728528.2885653437 6175381.750182834
728455.8156849141 6175458.095765483
728315.6477369119 6175391.555937665
728328.6666359337 6175382.090282757
728342.9719940135 6175360.224669375
728355.4824843007 6175346.87400767
728369.9992949433 6175329.636283982
728404.1069291815 6175290.709834818
728357.4881505715 6175259.060431837
728362.4387686974 6175220.88055834
728369.4711220361 6175182.185306409
728386.212764688 6175144.155072953
728410.6319045472 6175100.706220568
728478.6534910378 6174991.530184611
728529.9249385833 6174906.62328614
728548.5303810454 6174858.5767880315
728569.8825834333 6174817.655288553
728513.3289939628 6174786.777069642
728331.5861855623 6174737.3395857075
728336.09292731 6174719.777898342
728436.5453408363 6174742.828961836
728452.5940690901 6174666.345485678
728473.2724192031 6174630.216823727
728604.5971491736 6174762.815097558
728654.2338422853 6174602.829218638
728650.8740712961 6174575.554625897
728649.3285915866 6174540.491064393
728647.3952822458 6174468.841167286
728644.8219075628 6174382.471098079
728732.365474745 6174167.77983375
728811.8198569409 6174029.265414004
728839.237042805 6173990.492033294
728878.1620553732 6173909.422800071
728883.720875519 6173904.294991893
728936.5768274497 6173787.045815295
728974.0150738053 6173702.653999947
729008.2186810925 6173588.161558178
729026.255509842 6173552.07452891
729051.1283154722 6173480.326957766
729091.5888484863 6173383.136426705
729125.5959833737 6173281.949284073
729144.1455542836 6173236.143012904
729179.2315069644 6173196.647936842
729216.5926558876 6173150.949719037
729250.1790930984 6173121.290106524
729297.4212373703 6173075.264463477
729321.5304886064 6173046.813165648
729351.4493730423 6173016.89443257
729377.090623752 6172991.579529849
729431.5471891339 6172938.050399591
729541.0442463119 6172928.635456938
729557.0886615355 6172926.569462
729564.4531700625 6172891.851588019
729527.8129091816 6172748.697756907
729538.8032866553 6172683.670802814
729600.9426786889 6172532.111656437
729540.0724094776 6172418.829161727
729594.8926770686 6172324.884520902
729661.9850337303 6172324.681036641
729756.7037126063 6172376.2950062
729772.7002342474 6172350.039008958
729720.5289414476 6172317.939484433
729808.0985561023 6172170.777512499
729887.3647664 6172173.125669922
729926.4318575636 6172197.421500908
729971.5503447544 6172246.18035232
729970.7742634548 6172263.770378626
729898.1020700001 6172385.954100208
729877.6948909113 6172421.21086561
729999.5506261447 6172240.15164348
729998.9441041107 6172226.0572738955
720724.2248804931 6170942.237070713
720708.3697291184 6170950.310421707
720706.4709962257 6170970.01669563
720709.9373817642 6170995.2571285525
720717.109281388 6171012.578993275
720725.1642248279 6171025.909260598
720744.4592363068 6171025.5139364805
720756.0072159289 6171004.33345362
723363.3295563534 6164202.458179458
723258.6427416701 6164192.541063027
723211.209376871 6164193.063521126
723162.178634801 6164192.702162194
723120.0206990314 6164196.193156599
723052.6985855082 6164202.939171561
722961.1181357815 6164222.5655500805
722886.9861925393 6164244.198038317
722809.7337050812 6164273.778913246
722740.5854676662 6164304.019143844
722680.6393976649 6164339.902631376
722633.8842307983 6164368.720198474
722586.6696928671 6164406.9478530055
722549.4480563204 6164434.902329459
722519.2452618051 6164464.095099583
722489.7358090914 6164492.208314037
722467.0500029649 6164519.308531019
722438.1316012378 6164551.711455872
722409.1577549444 6164589.932077998
722360.4733354619 6164664.603675756
722228.7338497711 6164878.220757703
721837.4091947186 6165493.163719763
721593.9571573164 6165885.93944442
721432.1470082775 6166171.484656683
721302.4635371399 6166477.58274478
721229.6421593117 6166733.800595005
721054.5218827553 6167655.376376959
720999.8520775774 6167941.19251529
720991.0377854736 6168068.368631277
721008.1561587285 6168216.514316902
721035.6504465807 6168316.359734304
721068.1816838504 6168410.550937769
721120.9647226239 6168509.447394376
721159.9433849121 6168582.301638712
721223.7534615293 6168674.588732089
721252.4928622622 6168742.710629106
721271.3865381263 6168752.431893291
721277.3728485182 6168761.945146328
721038.3932135245 6168632.4881405
720974.1345180236 6168580.410370752
720967.3421254037 6168611.877442922
720852.3442320183 6168630.656622761
720810.7991449551 6168631.811433471
720789.2728266362 6168619.96332715
720794.5239530422 6168588.997940386
720755.0048558214 6168669.286242283
720762.1421984709 6168760.407290072
720811.1379996126 6168833.642013034
720811.6030976879 6168809.470214054
720830.9125480099 6168796.130222954
720862.7888178681 6168792.223216733
721085.2098262175 6168798.818397961
721099.7092106503 6168831.140415847
721104.5753466007 6168728.807088124
721294.307580298 6168787.032309441
721344.7189945279 6168870.391588434
721390.0574970525 6168931.172028004
721835.2485353593 6169630.524235633
721992.9432936766 6169882.584375205
722027.2897473478 6169934.440180937
722049.7102216883 6169973.792357993
722481.677420007 6170646.541136394
722506.4644238641 6170675.691780768
722527.8585835433 6170701.725897984
722561.9865243195 6170745.235376337
722917.7251055543 6171118.544064844
723515.8900552711 6171742.742634327
723510.6996835255 6171762.681404727
723470.0882185333 6171762.485191691
723470.1674040981 6171773.004167096
723532.612913159 6171776.270511916
723534.4688964848 6171801.58807199
723318.6835971568 6171938.02304865
723313.8173696448 6171921.71723743
723315.5491885261 6171902.67168969
723392.2433171044 6171787.756887788
723344.7944793013 6171741.271726396
723320.2761624069 6171741.845151699
723309.3903797491 6171755.2817168115
723309.2638662844 6171777.464668695
723212.9727628264 6171888.902515872
723201.674795426 6171886.127756526
723189.2751708673 6171895.762859291
723191.7980896257 6171909.93036213
723151.3667279271 6171943.598954364
723119.5382826494 6171964.80686755
723083.043004547 6171985.5309995795
723063.3319378006 6171995.717977655
723053.5572797714 6171988.19335353
723040.3610142295 6171995.1677472135
723038.928338202 6172004.193232688
723025.1184107087 6172010.467263198
722987.5210515396 6172019.583953907
722950.8481962023 6172029.740596727
722914.4506194894 6172034.514809515
722885.5075039006 6172037.306346235
722845.7950710482 6172035.622916675
722817.5503414974 6171997.339130199
722836.5980383946 6171913.959548589
722853.7530486768 6171837.76451634
722870.0879611814 6171754.670135331
723054.5815865461 6171764.791299991
723056.3524383265 6171746.316403739
723207.6253291348 6171607.503821921
723200.615017145 6171598.447796575
723157.5514578503 6171633.4648612235
723135.542816414 6171609.870959143
723110.4311991901 6171584.668935107
723083.3570299384 6171556.646018016
723059.2358863377 6171531.673391109
723031.562690774 6171503.018096461
723001.8704470524 6171474.371303098
722976.5200908906 6171446.035856131
722948.0969588237 6171416.606920818
722895.8255436447 6171362.499323664
722866.5754991058 6171333.062208533
722847.8308664112 6171312.8034364
722887.1044388592 6171270.364243804
722877.6327182424 6171265.01881646
722859.4984955846 6171281.208298419
722835.617672421 6171255.056313808
722841.1665901691 6171231.622901026
722815.7224271679 6171213.720526749
722801.0237174232 6171217.351992101
722793.468272029 6171216.966174225
722664.9792160518 6171125.051143718
722653.951864375 6171122.492490659
722637.4293502059 6171112.048944062
722629.1315018449 6171090.484536058
722617.2318371715 6171076.463550235
722614.4500715695 6171069.419576347
722617.5502280659 6171063.300120716
722650.8582837253 6171031.080380648
722650.6552568265 6171022.450821839
722643.477560195 6171017.869743482
722636.2312753906 6171020.5663365275
722607.359280541 6171049.165645718
722600.9487169744 6171047.846215219
722588.6421861013 6171043.527637389
722577.9620921041 6171027.974500054
722566.813338481 6171021.6076416895
722543.6314500198 6171005.929832943
722525.3675381991 6170983.980043796
722502.4293446951 6170949.415163627
722497.1398857125 6170931.672937719
722486.6721731863 6170918.004149355
722468.0953413004 6170903.910797112
722438.1883586633 6170873.261593038
722424.6324914321 6170861.018895558
722397.8654056555 6170846.474949354
722388.4811189265 6170838.0242289845
722368.2520374542 6170815.740904563
722367.1473243204 6170804.121786828
722373.051354051 6170795.2125387
722398.0690257649 6170770.819607928
722401.205474169 6170763.118522016
722397.8871892933 6170756.069687666
722389.4170910327 6170755.916769639
722356.3098268135 6170784.078874955
722338.0896760443 6170771.632264152
722307.5457023481 6170753.451069869
722279.6310791633 6170748.784334014
722261.1866674939 6170758.939335448
722247.0432508436 6170774.565223392
722239.3727969046 6170799.708607757
722237.9848310678 6170831.048139113
722243.1761591376 6170851.483320879
722243.6020592535 6170893.898226987
722241.5851278368 6170959.381220461
722244.6012670216 6170990.443317646
722252.375082434 6171075.458498753
722253.515244707 6171120.931537164
721963.1323561334 6171544.608780605
721959.526717615 6171546.432365932
721952.0848500486 6171537.133577928
720576.2463173706 6171313.416864956
720575.3622014576 6171330.654568245
720445.6441554184 6171498.025744
720397.9556864663 6171606.346005844
720387.0192403801 6171608.491766293
720380.9518307745 6171605.50926992
720678.3613893578 6171064.127708206
720665.4617068244 6171026.368277352
720665.4183245328 6170963.246242588
720628.8478426698 6170887.662410539
720588.2384062767 6170725.37369287
720571.407701488 6170638.67969236
720572.7972565702 6170568.382796913
720562.3786983797 6170484.845101125
720549.1817000981 6170411.837525307
720550.6708136994 6170348.793151709
720577.3682596075 6170349.395361271
720577.4871568629 6170340.303042393
720534.8224092199 6170333.107150159
720396.1779697645 6170325.412124905
720374.3860247969 6170328.102646569
720354.1363248293 6170310.868277195
720343.617177667 6170283.32105142
720377.8535258638 6170291.538905912
720517.9520998056 6170307.055922943
720534.7514003685 6170312.665789137
720546.925367795 6170311.062142054
720592.8312183155 6170311.798907863
720589.1429012071 6170302.647954594
720563.3753054725 6170296.372783891
720082.9565436775 6169555.07593751
720043.9226882296 6169516.994045963
720045.4045481607 6169493.353136361
720072.4077745454 6169434.293594531
720030.476395854 6169394.337639898
720011.4369600811 6169354.097411242
720007.2542394211 6169273.329477277
720170.1713463799 6169167.94817545
720196.7615051575 6169141.41463378
720217.4810531926 6169116.435991936
720238.654152438 6169084.221780393
720251.1391227964 6169048.871113236
720259.6086548878 6169013.317903744
720262.3088582037 6168972.300142982
720261.7432075116 6168926.222866331
720256.0366196884 6168860.340644362
720265.0481600311 6168845.821021012
720326.5960941804 6168817.740162084
720333.9523344307 6168803.516229137
720462.5193686539 6168783.413197496
720635.385692871 6168774.839833384
720641.574947211 6168757.257007733
720640.4612975456 6168734.711423224
720638.318443839 6168707.430887415
720628.0316460708 6168668.722796713
720557.1431290072 6168564.168586078
720541.4278566143 6168379.625250397
720446.7573207396 6168393.855884264
720458.5757412483 6168320.885846532
720478.2626148269 6168308.834372703
720502.0400894836 6168304.515655782
720518.9206612463 6168317.298322084
720534.5477429037 6168307.784959003
720550.0705643883 6168286.09074151
720571.2410014437 6168276.288798467
720592.2746074896 6168277.819448104
720581.7559910696 6168262.157807442
720327.0177582304 6168274.040553632
720222.3814539143 6168237.197934812
720214.0620030297 6168226.710178151
720172.5756441404 6167675.848961692
720162.9579403566 6167647.010353103
720142.3984900456 6167593.302719851
720111.4444710539 6167545.315319799
719961.1186605772 6167185.423400337
719942.5846116672 6167166.1155819325
719923.8611709967 6167150.566921872
719902.1642391351 6167140.287442329
719854.5237857081 6167139.506530562
719401.3455876146 6167165.393355995
719356.5356617452 6167259.375504232
719299.7038768405 6167258.139040342
719327.5259218991 6167114.100385056
719277.2866580929 6167175.9228731645
717995.2047644777 6167268.868670147
729993.2789353423 6172212.086469595
729941.9886331091 6172160.0356696695
729928.9130593848 6172144.849089498
729905.3547797011 6172124.392820893
729982.6862758598 6171996.811809468
729997.1598366408 6171972.093154179
730064.3074269879 6171958.761526849
730110.112270554 6171952.568436964
730174.1033658138 6171881.684772285
730160.5900111999 6171829.361240158
730144.9380362555 6171777.393327655
730125.2982924226 6171772.431800185
730138.457239859 6171724.11388495
730048.8003192749 6171723.544564925
730051.7888814018 6171599.884080733
730059.1415673434 6171549.453211063
730103.3080049214 6171575.0004958995
730132.9178434564 6171652.505991493
730157.1042500306 6171677.234165006
730214.1647716191 6171619.779905657
730211.6617405104 6171585.924782007
730172.3848350381 6171571.496159276
730149.0340944782 6171560.93019048
729964.1244570786 6171496.368454773
730050.2605044018 6171481.126402652
730129.6156214676 6171508.942184468
730144.04166783 6171469.857853666
730067.6707478112 6171448.24348508
730021.563581999 6171414.966559221
730085.2200784206 6171344.5430787625
730184.239948498 6171423.200647323
730207.124757748 6171420.014308022
730260.819068821 6171413.8594863955
730357.3929531011 6171402.675832469
730421.4030818269 6171402.598936072
730483.1616035891 6171408.604451514
730563.7839468473 6171424.729928583
730651.3749019218 6171439.697534425
730728.1826291658 6171446.3460817095
730876.2400124404 6171446.651091827
731018.6977546705 6171435.724523334
731128.3046805719 6171410.806067972
731215.6432779066 6171390.65408558
731299.242615893 6171362.276100239
731351.4209961434 6171344.690191589
731410.3138590683 6171316.966940778
731441.8549810587 6171299.6592071615
731477.4988903247 6171277.205217722
731503.5753333583 6171257.790187068
731532.7360400702 6171233.520540037
731560.6880468987 6171206.711159599
731586.0010107582 6171178.992367627
731605.2016700456 6171154.584820677
731627.1970258708 6171123.411419325
731648.2199121336 6171087.268416423
731685.2014498801 6171016.029689522
731704.3915386085 6170955.0096625
731715.6449835565 6170907.173765148
731720.1240904204 6170872.371791135
731724.992260606 6170822.758218443
731731.826964817 6170699.277365547
731749.7545089893 6170463.50430869
731755.432113696 6170383.678172417
731764.6758217791 6170241.924386387
731773.6618858216 6170127.959041889
731781.3926081801 6170025.157180697
731785.8495426499 6169963.566800074
731789.5785698884 6169907.603019361
731792.2910481835 6169876.487819733
731795.5254603557 6169816.52764549
731798.4726809317 6169787.409980758
731804.1491360274 6169701.4279021
731806.2176302996 6169672.93270367
731809.8717242565 6169590.21117019
731812.6657716027 6169561.364179784
731830.6049440727 6169221.498739749
731822.2436541675 6169206.601722144
731713.9778355353 6169131.7454955615
731715.7852631182 6169107.440778192
731718.3904033767 6169097.006910106
731725.3191051519 6169072.304860733
731730.367730811 6169056.268533013
731736.3090881789 6169032.450863871
731757.1146720601 6168929.328232079
731765.2306473459 6168889.756662888
731753.6003360631 6168814.643827725
731742.5500561972 6168777.835594474
731723.4553261709 6168739.518776393
731698.4976887605 6168699.262796666
731650.1545463403 6168639.187179586
731621.9138507596 6168604.032485472
731597.6895373018 6168574.5554850185
731579.5861427513 6168551.191104393
731568.7840643206 6168535.73040199
731546.0148159239 6168507.8475729795
731506.26784204 6168472.262155496
731472.2613680847 6168449.371234139
731433.4976260925 6168433.332295808
731414.333893979 6168426.138614675
731388.3034538175 6168420.2205381915
731351.5066542829 6168414.234109826
731172.8213795822 6168407.381671202
731161.8781420363 6168389.784629675
731139.1715176736 6168263.558955121
731139.0009880855 6168208.805300201
731155.6373743617 6168174.311953151
731159.7577188744 6168111.13151748
731212.7126571855 6167981.9963315595
731240.3810567367 6167925.303857147
731282.7549657937 6167837.1276472965
731505.9218156238 6167116.612664547
731554.4450987226 6167121.024063862
731570.1725405869 6167113.214845852
731584.2824605801 6167091.246187001
731851.5655697247 6167113.316958134
731851.7643229102 6167104.216320432
731667.4335707962 6167072.380136438
731554.5021672611 6167057.628300988
731529.9231320797 6167054.195756696
731535.9789811121 6167001.645333653
731605.8996872318 6167011.283893487
731606.2960289048 6166965.325416744
731681.0526374136 6166990.008980468
731764.2666112508 6166980.482127254
731764.9326984225 6166979.234980678
731831.5644204534 6167024.4448284805
